300 20
/*学生匹配结果*/
学号为1003的学生的部门序号: 
10 15 
学号为1010的学生的部门序号: 
5 
学号为1011的学生的部门序号: 
5 
学号为1012的学生的部门序号: 
12 10 
学号为1015的学生的部门序号: 
0 
学号为1017的学生的部门序号: 
1 
学号为1019的学生的部门序号: 
17 
学号为1022的学生的部门序号: 
6 
学号为1024的学生的部门序号: 
17 14 
学号为1032的学生的部门序号: 
13 
学号为1037的学生的部门序号: 
17 
学号为1040的学生的部门序号: 
1 
学号为1041的学生的部门序号: 
1 
学号为1042的学生的部门序号: 
14 
学号为1044的学生的部门序号: 
2 
学号为1047的学生的部门序号: 
5 
学号为1050的学生的部门序号: 
5 
学号为1051的学生的部门序号: 
10 
学号为1053的学生的部门序号: 
5 
学号为1057的学生的部门序号: 
17 
学号为1060的学生的部门序号: 
1 
学号为1062的学生的部门序号: 
17 
学号为1064的学生的部门序号: 
3 
学号为1065的学生的部门序号: 
1 16 
学号为1068的学生的部门序号: 
1 
学号为1071的学生的部门序号: 
6 2 
学号为1076的学生的部门序号: 
5 6 
学号为1079的学生的部门序号: 
3 19 
学号为1081的学生的部门序号: 
17 
学号为1085的学生的部门序号: 
9 
学号为1088的学生的部门序号: 
6 
学号为1089的学生的部门序号: 
12 3 
学号为1093的学生的部门序号: 
19 8 
学号为1098的学生的部门序号: 
11 12 3 
学号为1100的学生的部门序号: 
5 10 
学号为1102的学生的部门序号: 
5 
学号为1103的学生的部门序号: 
1 8 
学号为1107的学生的部门序号: 
12 9 
学号为1110的学生的部门序号: 
18 
学号为1116的学生的部门序号: 
6 2 
学号为1117的学生的部门序号: 
11 
学号为1118的学生的部门序号: 
13 
学号为1119的学生的部门序号: 
5 1 
学号为1120的学生的部门序号: 
17 
学号为1124的学生的部门序号: 
19 
学号为1129的学生的部门序号: 
3 
学号为1130的学生的部门序号: 
9 
学号为1132的学生的部门序号: 
19 16 
学号为1139的学生的部门序号: 
17 
学号为1144的学生的部门序号: 
14 
学号为1147的学生的部门序号: 
17 14 
学号为1151的学生的部门序号: 
8 
学号为1156的学生的部门序号: 
3 
学号为1157的学生的部门序号: 
7 
学号为1158的学生的部门序号: 
18 
学号为1159的学生的部门序号: 
18 
学号为1161的学生的部门序号: 
12 
学号为1162的学生的部门序号: 
12 
学号为1164的学生的部门序号: 
3 
学号为1167的学生的部门序号: 
17 
学号为1168的学生的部门序号: 
12 
学号为1176的学生的部门序号: 
5 
学号为1177的学生的部门序号: 
10 3 8 
学号为1179的学生的部门序号: 
6 10 
学号为1180的学生的部门序号: 
5 16 
学号为1183的学生的部门序号: 
17 19 
学号为1188的学生的部门序号: 
17 
学号为1190的学生的部门序号: 
19 15 
学号为1191的学生的部门序号: 
4 
学号为1192的学生的部门序号: 
11 14 
学号为1195的学生的部门序号: 
2 
学号为1201的学生的部门序号: 
11 14 
学号为1202的学生的部门序号: 
18 
学号为1203的学生的部门序号: 
3 
学号为1204的学生的部门序号: 
11 14 
学号为1205的学生的部门序号: 
12 
学号为1208的学生的部门序号: 
15 2 
学号为1209的学生的部门序号: 
14 10 
学号为1210的学生的部门序号: 
1 17 
学号为1219的学生的部门序号: 
10 15 
学号为1220的学生的部门序号: 
12 
学号为1224的学生的部门序号: 
10 
学号为1228的学生的部门序号: 
9 
学号为1231的学生的部门序号: 
11 14 
学号为1232的学生的部门序号: 
11 
学号为1233的学生的部门序号: 
5 1 
学号为1236的学生的部门序号: 
1 
学号为1239的学生的部门序号: 
6 
学号为1241的学生的部门序号: 
11 
学号为1242的学生的部门序号: 
1 19 15 
学号为1243的学生的部门序号: 
8 
学号为1244的学生的部门序号: 
11 
学号为1248的学生的部门序号: 
1 17 
学号为1252的学生的部门序号: 
5 
学号为1256的学生的部门序号: 
15 16 
学号为1257的学生的部门序号: 
6 19 
学号为1261的学生的部门序号: 
0 
学号为1262的学生的部门序号: 
14 12 3 
学号为1264的学生的部门序号: 
5 
学号为1265的学生的部门序号: 
1 
学号为1268的学生的部门序号: 
12 
学号为1269的学生的部门序号: 
2 
学号为1270的学生的部门序号: 
13 
学号为1276的学生的部门序号: 
1 14 
学号为1279的学生的部门序号: 
3 8 
学号为1280的学生的部门序号: 
16 
学号为1281的学生的部门序号: 
12 
学号为1284的学生的部门序号: 
6 
学号为1286的学生的部门序号: 
5 
学号为1289的学生的部门序号: 
17 
学号为1293的学生的部门序号: 
13 
学号为1294的学生的部门序号: 
13 
学号为1296的学生的部门序号: 
9 

/*部门匹配结果*/
序号为0的部门选中2名学生:
1015 1261 
序号为1的部门选中15名学生:
1040 1276 1017 1265 1060 1248 1236 1210 1065 1233 1242 1068 1119 1103 1041 
序号为2的部门选中6名学生:
1044 1195 1269 1208 1071 1116 
序号为3的部门选中11名学生:
1279 1203 1177 1089 1262 1098 1164 1079 1156 1064 1129 
序号为4的部门选中1名学生:
1191 
序号为5的部门选中15名学生:
1047 1011 1233 1119 1286 1252 1264 1102 1053 1100 1076 1010 1050 1176 1180 
序号为6的部门选中9名学生:
1022 1239 1257 1179 1088 1071 1076 1116 1284 
序号为7的部门选中1名学生:
1157 
序号为8的部门选中6名学生:
1243 1093 1279 1177 1151 1103 
序号为9的部门选中5名学生:
1296 1130 1085 1228 1107 
序号为10的部门选中9名学生:
1012 1209 1179 1219 1100 1003 1051 1224 1177 
序号为11的部门选中9名学生:
1098 1231 1241 1192 1232 1204 1117 1201 1244 
序号为12的部门选中12名学生:
1281 1162 1268 1107 1089 1012 1161 1168 1220 1205 1262 1098 
序号为13的部门选中5名学生:
1032 1118 1270 1293 1294 
序号为14的部门选中11名学生:
1209 1144 1231 1147 1192 1204 1201 1024 1276 1262 1042 
序号为15的部门选中6名学生:
1003 1219 1190 1242 1256 1208 
序号为16的部门选中5名学生:
1256 1180 1065 1280 1132 
序号为17的部门选中15名学生:
1248 1147 1188 1081 1167 1024 1289 1019 1120 1139 1037 1062 1057 1210 1183 
序号为18的部门选中4名学生:
1158 1159 1202 1110 
序号为19的部门选中8名学生:
1079 1093 1124 1183 1257 1190 1242 1132 

部门期望招收人数：155

部门实际招收人数：113

未被部门选中的学生:
1000 1001 1002 1004 1005 1006 1007 1008 1009 1013 1014 1016 1018 1020 1021 1023 1025 1026 1027 1028 1029 1030 1031 1033 1034 1035 1036 1038 1039 1043 1045 1046 1048 1049 1052 1054 1055 1056 1058 1059 1061 1063 1066 1067 1069 1070 1072 1073 1074 1075 1077 1078 1080 1082 1083 1084 1086 1087 1090 1091 1092 1094 1095 1096 1097 1099 1101 1104 1105 1106 1108 1109 1111 1112 1113 1114 1115 1121 1122 1123 1125 1126 1127 1128 1131 1133 1134 1135 1136 1137 1138 1140 1141 1142 1143 1145 1146 1148 1149 1150 1152 1153 1154 1155 1160 1163 1165 1166 1169 1170 1171 1172 1173 1174 1175 1178 1181 1182 1184 1185 1186 1187 1189 1193 1194 1196 1197 1198 1199 1200 1206 1207 1211 1212 1213 1214 1215 1216 1217 1218 1221 1222 1223 1225 1226 1227 1229 1230 1234 1235 1237 1238 1240 1245 1246 1247 1249 1250 1251 1253 1254 1255 1258 1259 1260 1263 1266 1267 1271 1272 1273 1274 1275 1277 1278 1282 1283 1285 1287 1288 1290 1291 1292 1295 1297 1298 1299 

所有部门都已分配到学生
