/*学生匹配结果*/
学号为1001的学生的部门序号: 
5 
学号为1002的学生的部门序号: 
12 
学号为1006的学生的部门序号: 
16 
学号为1007的学生的部门序号: 
15 
学号为1008的学生的部门序号: 
15 
学号为1010的学生的部门序号: 
5 
学号为1012的学生的部门序号: 
5 
学号为1015的学生的部门序号: 
16 
学号为1019的学生的部门序号: 
10 
学号为1021的学生的部门序号: 
18 
学号为1022的学生的部门序号: 
6 
学号为1023的学生的部门序号: 
14 
学号为1026的学生的部门序号: 
8 
学号为1027的学生的部门序号: 
3 
学号为1029的学生的部门序号: 
9 
学号为1031的学生的部门序号: 
17 
学号为1032的学生的部门序号: 
5 
学号为1033的学生的部门序号: 
16 
学号为1034的学生的部门序号: 
8 
学号为1035的学生的部门序号: 
13 
学号为1037的学生的部门序号: 
15 
学号为1038的学生的部门序号: 
17 
学号为1039的学生的部门序号: 
19 
学号为1041的学生的部门序号: 
1 
学号为1042的学生的部门序号: 
17 
学号为1044的学生的部门序号: 
12 
学号为1047的学生的部门序号: 
5 
学号为1051的学生的部门序号: 
1 
学号为1053的学生的部门序号: 
3 
学号为1054的学生的部门序号: 
19 
学号为1057的学生的部门序号: 
5 
学号为1058的学生的部门序号: 
19 
学号为1060的学生的部门序号: 
5 
学号为1064的学生的部门序号: 
11 
学号为1066的学生的部门序号: 
14 
学号为1067的学生的部门序号: 
3 
学号为1068的学生的部门序号: 
1 
学号为1070的学生的部门序号: 
11 
学号为1076的学生的部门序号: 
13 
学号为1077的学生的部门序号: 
12 
学号为1079的学生的部门序号: 
17 
学号为1080的学生的部门序号: 
15 
学号为1083的学生的部门序号: 
14 
学号为1086的学生的部门序号: 
19 
学号为1087的学生的部门序号: 
17 
学号为1090的学生的部门序号: 
1 
学号为1091的学生的部门序号: 
6 
学号为1096的学生的部门序号: 
14 
学号为1099的学生的部门序号: 
1 
学号为1101的学生的部门序号: 
3 
学号为1103的学生的部门序号: 
1 
学号为1104的学生的部门序号: 
10 
学号为1105的学生的部门序号: 
2 
学号为1107的学生的部门序号: 
12 
学号为1108的学生的部门序号: 
15 
学号为1109的学生的部门序号: 
2 
学号为1111的学生的部门序号: 
17 
学号为1112的学生的部门序号: 
3 
学号为1113的学生的部门序号: 
9 
学号为1114的学生的部门序号: 
18 
学号为1115的学生的部门序号: 
10 
学号为1116的学生的部门序号: 
6 
学号为1121的学生的部门序号: 
5 
学号为1123的学生的部门序号: 
13 
学号为1124的学生的部门序号: 
19 
学号为1125的学生的部门序号: 
13 
学号为1127的学生的部门序号: 
17 
学号为1128的学生的部门序号: 
17 
学号为1129的学生的部门序号: 
1 
学号为1133的学生的部门序号: 
14 
学号为1137的学生的部门序号: 
16 
学号为1138的学生的部门序号: 
0 
学号为1139的学生的部门序号: 
18 
学号为1140的学生的部门序号: 
14 
学号为1141的学生的部门序号: 
8 
学号为1146的学生的部门序号: 
2 
学号为1148的学生的部门序号: 
1 
学号为1149的学生的部门序号: 
10 
学号为1150的学生的部门序号: 
5 
学号为1153的学生的部门序号: 
6 
学号为1156的学生的部门序号: 
6 
学号为1157的学生的部门序号: 
1 
学号为1158的学生的部门序号: 
10 
学号为1161的学生的部门序号: 
6 
学号为1162的学生的部门序号: 
0 
学号为1163的学生的部门序号: 
1 
学号为1167的学生的部门序号: 
1 
学号为1168的学生的部门序号: 
6 
学号为1169的学生的部门序号: 
12 
学号为1170的学生的部门序号: 
17 
学号为1172的学生的部门序号: 
9 
学号为1173的学生的部门序号: 
17 
学号为1174的学生的部门序号: 
11 
学号为1178的学生的部门序号: 
12 
学号为1179的学生的部门序号: 
2 
学号为1182的学生的部门序号: 
18 
学号为1183的学生的部门序号: 
17 
学号为1184的学生的部门序号: 
17 
学号为1185的学生的部门序号: 
6 
学号为1186的学生的部门序号: 
11 
学号为1190的学生的部门序号: 
3 
学号为1195的学生的部门序号: 
5 
学号为1196的学生的部门序号: 
14 
学号为1199的学生的部门序号: 
3 
学号为1202的学生的部门序号: 
5 
学号为1203的学生的部门序号: 
4 
学号为1204的学生的部门序号: 
9 
学号为1206的学生的部门序号: 
15 
学号为1207的学生的部门序号: 
3 
学号为1208的学生的部门序号: 
1 
学号为1212的学生的部门序号: 
14 
学号为1213的学生的部门序号: 
12 
学号为1214的学生的部门序号: 
11 
学号为1215的学生的部门序号: 
12 
学号为1216的学生的部门序号: 
11 
学号为1217的学生的部门序号: 
10 
学号为1221的学生的部门序号: 
11 
学号为1231的学生的部门序号: 
17 
学号为1232的学生的部门序号: 
16 
学号为1234的学生的部门序号: 
2 
学号为1237的学生的部门序号: 
10 
学号为1238的学生的部门序号: 
12 
学号为1239的学生的部门序号: 
12 
学号为1240的学生的部门序号: 
9 
学号为1243的学生的部门序号: 
3 
学号为1244的学生的部门序号: 
5 
学号为1245的学生的部门序号: 
12 
学号为1250的学生的部门序号: 
19 
学号为1255的学生的部门序号: 
5 
学号为1260的学生的部门序号: 
8 
学号为1261的学生的部门序号: 
13 
学号为1262的学生的部门序号: 
14 
学号为1263的学生的部门序号: 
2 
学号为1264的学生的部门序号: 
5 
学号为1265的学生的部门序号: 
5 
学号为1267的学生的部门序号: 
7 
学号为1268的学生的部门序号: 
1 
学号为1270的学生的部门序号: 
19 
学号为1271的学生的部门序号: 
14 
学号为1272的学生的部门序号: 
17 
学号为1273的学生的部门序号: 
14 
学号为1274的学生的部门序号: 
6 
学号为1275的学生的部门序号: 
1 
学号为1277的学生的部门序号: 
8 
学号为1278的学生的部门序号: 
3 
学号为1280的学生的部门序号: 
1 
学号为1282的学生的部门序号: 
11 
学号为1284的学生的部门序号: 
8 
学号为1288的学生的部门序号: 
10 
学号为1290的学生的部门序号: 
11 
学号为1291的学生的部门序号: 
3 
学号为1293的学生的部门序号: 
17 
学号为1294的学生的部门序号: 
19 
学号为1296的学生的部门序号: 
12 
学号为1298的学生的部门序号: 
10 

/*部门匹配结果*/
序号为0的部门选中2名学生:
1162 1138 
序号为1的部门选中15名学生:
1275 1068 1157 1148 1280 1208 1103 1268 1163 1090 1129 1167 1051 1041 1099 
序号为2的部门选中6名学生:
1105 1146 1263 1234 1179 1109 
序号为3的部门选中11名学生:
1027 1199 1207 1278 1243 1190 1291 1053 1067 1112 1101 
序号为4的部门选中1名学生:
1203 
序号为5的部门选中15名学生:
1265 1255 1202 1001 1012 1244 1010 1047 1195 1032 1121 1264 1150 1060 1057 
序号为6的部门选中9名学生:
1185 1274 1156 1022 1153 1161 1116 1168 1091 
序号为7的部门选中1名学生:
1267 
序号为8的部门选中6名学生:
1141 1026 1034 1284 1260 1277 
序号为9的部门选中5名学生:
1204 1172 1029 1240 1113 
序号为10的部门选中9名学生:
1158 1237 1298 1288 1149 1217 1019 1115 1104 
序号为11的部门选中9名学生:
1174 1221 1064 1070 1214 1186 1216 1290 1282 
序号为12的部门选中12名学生:
1169 1002 1215 1044 1178 1077 1238 1213 1296 1107 1245 1239 
序号为13的部门选中5名学生:
1076 1035 1261 1123 1125 
序号为14的部门选中11名学生:
1083 1133 1273 1196 1096 1140 1212 1271 1066 1023 1262 
序号为15的部门选中6名学生:
1037 1206 1080 1108 1007 1008 
序号为16的部门选中5名学生:
1232 1015 1006 1137 1033 
序号为17的部门选中15名学生:
1231 1184 1031 1042 1087 1128 1173 1293 1272 1127 1170 1079 1111 1038 1183 
序号为18的部门选中4名学生:
1182 1021 1114 1139 
序号为19的部门选中8名学生:
1058 1124 1054 1294 1039 1270 1250 1086 

部门期望招收人数：155
部门实际招收人数：155

未被部门选中的学生: 
1000 1003 1004 1005 1009 1011 1013 1014 1016 1017 1018 1020 1024 1025 1028 1030 1036 1040 1043 1045 1046 1048 1049 1050 1052 1055 1056 1059 1061 1062 1063 1065 1069 1071 1072 1073 1074 1075 1078 1081 1082 1084 1085 1088 1089 1092 1093 1094 1095 1097 1098 1100 1102 1106 1110 1117 1118 1119 1120 1122 1126 1130 1131 1132 1134 1135 1136 1142 1143 1144 1145 1147 1151 1152 1154 1155 1159 1160 1164 1165 1166 1171 1175 1176 1177 1180 1181 1187 1188 1189 1191 1192 1193 1194 1197 1198 1200 1201 1205 1209 1210 1211 1218 1219 1220 1222 1223 1224 1225 1226 1227 1228 1229 1230 1233 1235 1236 1241 1242 1246 1247 1248 1249 1251 1252 1253 1254 1256 1257 1258 1259 1266 1269 1276 1279 1281 1283 1285 1286 1287 1289 1292 1295 1297 1299 

所有部门都已分配到学生
